1.948,6.213,3.473,4.613,4.935,1.363,8.504
6.213,4.996,8.214,1.439,5.518,3.980,3.092
3.473,8.214,6.514,9.450,2.584,6.408,8.550
4.613,1.439,9.450,3.878,3.283,9.371,4.231
4.935,5.518,2.584,3.283,1.073,3.289,1.272
1.363,3.980,6.408,9.371,3.289,5.858,2.306
8.504,3.092,8.550,4.231,1.272,2.306,5.325
